Tag,Significance,Relevance
items,0.003745318352059925,0.0004761904761904762
google-chrome,0.0001905457547993712,0.002857142857142857
scripting,0.00019678583142013775,0.0007142857142857143
import,0.00028832292167227293,0.0014285714285714286
azure,0.00042142190027107677,0.008809523809523809
jestjs,0.0007369196757553427,0.0019047619047619048
google-domains,0.007142857142857143,0.0002380952380952381
logic,0.0002670940170940171,0.0004761904761904762
office365-apps,0.008583690987124463,0.0009523809523809524
model,0.00012596044841919638,0.0004761904761904762
web-hosting,0.0003727171077152441,0.0002380952380952381
facebook-opengraph,0.00026939655172413793,0.0002380952380952381
filter,0.0003902185223725286,0.002142857142857143
hyperlink,0.0003014590618593995,0.0011904761904761906
milestone,0.01818181818181818,0.0002380952380952381
timezone,0.0001985505807604487,0.0004761904761904762
laravel,4.749014579474759e-05,0.0016666666666666668
development-environment,0.0008964589870013447,0.0004761904761904762
deployment,0.00014452955629426219,0.0007142857142857143
jsonlite,0.0028011204481792717,0.0002380952380952381
form-submit,0.0003652300949598247,0.0002380952380952381
geometry,9.391435011269723e-05,0.0002380952380952381
uri,0.00018501387604070305,0.0002380952380952381
bytearray,0.0002736726874657909,0.0002380952380952381
iframe,0.0003422079255355554,0.002380952380952381
authorization,0.0001248595330253465,0.0002380952380952381
magento,5.300540655146825e-05,0.0004761904761904762
mp3,0.000242306760358614,0.0002380952380952381
sentiment-analysis,0.0006618133686300463,0.0002380952380952381
try-catch,0.00014218683349921798,0.0002380952380952381
spreadsheet,0.00071301247771836,0.0004761904761904762
security-roles,0.008403361344537815,0.0002380952380952381
google-trends,0.005235602094240838,0.0002380952380952381
target,0.000585480093676815,0.0002380952380952381
foreign-keys,0.00021175224986765483,0.0004761904761904762
reactjs,0.0001018509087878816,0.005238095238095238
google-cloud-automl-nl,0.02702702702702703,0.0002380952380952381
sendmail,0.0007077140835102619,0.0004761904761904762
test-class,0.038461538461538464,0.0004761904761904762
camera,7.633587786259542e-05,0.0002380952380952381
client-side,0.00046511627906976747,0.0002380952380952381
s,0.018518518518518517,0.0004761904761904762
active-directory,7.322788517867604e-05,0.0002380952380952381
web,0.00017864434463046142,0.0016666666666666668
cordova-plugins,0.00037167812674224123,0.0004761904761904762
restsharp,0.0010615711252653928,0.0004761904761904762
pydio,0.018867924528301886,0.0002380952380952381
spring,5.897965202005308e-06,0.0002380952380952381
insert,7.640586797066015e-05,0.0002380952380952381
okta-api,0.0035211267605633804,0.0002380952380952381
payment-gateway,0.0002901073397156948,0.0002380952380952381
chart.js,0.0002605523710265763,0.0004761904761904762
smarty,0.0002320185614849188,0.0002380952380952381
rspec,5.847611250804047e-05,0.0002380952380952381
radio-button,0.0004288164665523156,0.0009523809523809524
office365connectors,0.02040816326530612,0.0004761904761904762
jbossfuse,0.0012135922330097086,0.0002380952380952381
ej2-syncfusion,0.3333333333333333,0.0002380952380952381
audio,6.358896095637798e-05,0.0004761904761904762
mustache,0.0005543237250554324,0.0002380952380952381
soapui,0.00023142791020597085,0.0002380952380952381
document,0.000390625,0.0002380952380952381
distinct,0.00046860356138706655,0.0004761904761904762
syncfusion,0.001122334455667789,0.0002380952380952381
azure-cosmosdb,0.0004241781548250265,0.0004761904761904762
marker,0.0006605019815059445,0.0002380952380952381
clip-path,0.002325581395348837,0.0002380952380952381
typescript,8.66378451435156e-06,0.0002380952380952381
oauth-2.0,0.0013227513227513227,0.0054761904761904765
openshift,0.0001591596371160274,0.0002380952380952381
nmbrs,0.14285714285714285,0.0002380952380952381
intune,0.0051813471502590676,0.0002380952380952381
internet-explorer,5.1812129219450276e-05,0.0004761904761904762
apex-data-loader,0.05,0.0002380952380952381
dataform,0.007407407407407408,0.0002380952380952381
onenote,0.0018248175182481751,0.0002380952380952381
azure-logic-apps,0.002612330198537095,0.0011904761904761906
formulas,0.0013123359580052493,0.0002380952380952381
apache-spark,1.671374371145393e-05,0.0002380952380952381
azure-storage-blobs,0.00048355899419729207,0.0004761904761904762
ssl,0.00016421131650558318,0.0016666666666666668
validation,6.709608158883521e-05,0.0009523809523809524
web-component,0.002785515320334262,0.0016666666666666668
xml-formatting,0.014084507042253521,0.0002380952380952381
testing,5.0667544904111675e-05,0.0004761904761904762
hadoop-plugins,0.007246376811594203,0.0002380952380952381
mailmerge,0.0018050541516245488,0.0002380952380952381
timeout,0.00035616763623412084,0.0007142857142857143
aggregate-functions,0.000243842965130456,0.0002380952380952381
shadow-dom,0.003872216844143272,0.0009523809523809524
curl,0.0008979031320973961,0.008095238095238095
auto-increment,0.00042087542087542086,0.0002380952380952381
serverside-javascript,0.002583979328165375,0.0002380952380952381
xampp,9.117432530999271e-05,0.0002380952380952381
dynamics-crm-365,0.00554016620498615,0.0004761904761904762
powerbi-desktop,0.0008431703204047217,0.0002380952380952381
reactive,0.0008896797153024911,0.0002380952380952381
encryption,3.1771247021445594e-05,0.0002380952380952381
http-headers,9.781864423359092e-05,0.0002380952380952381
inventory,0.0018148820326678765,0.0002380952380952381
web-applications,4.937296336526118e-05,0.0002380952380952381
syntax,0.00010777023386140747,0.0004761904761904762
controls,0.00012634238787113077,0.0002380952380952381
yii2-advanced-app,0.0009671179883945841,0.0004761904761904762
python-asyncio,0.00029231218941829873,0.0002380952380952381
code-coverage,0.00023110700254217703,0.0002380952380952381
powerapps-selected-items,3.3333333333333335,0.014285714285714285
currentitem,0.047619047619047616,0.0002380952380952381
json.net,0.0002681444404719342,0.0007142857142857143
animation,5.179602724471033e-05,0.0004761904761904762
force.com,0.037037037037037035,0.002857142857142857
same-origin-policy,0.00199203187250996,0.0004761904761904762
pentaho,0.0002942907592701589,0.0002380952380952381
azure-devops,0.00046274872744099955,0.0016666666666666668
multi-select,0.0005549389567147614,0.0002380952380952381
autofill,0.0017528483786152498,0.0004761904761904762
xamarin,2.3912003825920613e-05,0.0002380952380952381
heroku-api,0.010752688172043012,0.0002380952380952381
iphone,4.083688387351456e-05,0.002142857142857143
input,0.00014334862385321102,0.0009523809523809524
charts,8.944543828264758e-05,0.0004761904761904762
zoho,1.0,0.11214285714285714
cors,0.0003028467595396729,0.0007142857142857143
google-photos-api,0.006024096385542169,0.0002380952380952381
piwiktracker,0.08,0.0004761904761904762
security,7.974958629902108e-05,0.0009523809523809524
radio-group,0.002296211251435132,0.0004761904761904762
python-2.x,0.0003904724716907458,0.0002380952380952381
node-modules,0.0005390835579514825,0.0004761904761904762
url-mapping,0.002849002849002849,0.0002380952380952381
guzzle,0.0005178663904712584,0.0002380952380952381
slider,0.0001145475372279496,0.0002380952380952381
webpack,9.51052498097895e-05,0.0007142857142857143
gravity-forms-plugin,0.001128668171557562,0.0002380952380952381
express,3.0950170225936245e-05,0.0004761904761904762
circular-reference,0.0015723270440251573,0.0002380952380952381
sfdc,0.2535211267605634,0.004285714285714286
button,8.762705923589205e-05,0.0007142857142857143
azure-table-storage,0.0005151983513652757,0.0002380952380952381
math,5.5991041433370664e-05,0.0004761904761904762
gulp-plugin,0.047619047619047616,0.0002380952380952381
google-contacts-api,0.0009950248756218905,0.0002380952380952381
knowledge-management,0.022222222222222223,0.0004761904761904762
guzzle6,0.0031446540880503146,0.0002380952380952381
intranet,0.0017241379310344827,0.0002380952380952381
odata,0.00030707815138952864,0.0004761904761904762
authorize.net-cim,0.01098901098901099,0.0002380952380952381
crm,0.020393811533052038,0.01380952380952381
gitlab,0.00010492078480747036,0.0002380952380952381
powerapps,1.2861111111111112,0.22047619047619046
d3.js,0.00014024852037811,0.0011904761904761906
parsing,3.991617603033629e-05,0.0004761904761904762
gmail,0.0005585344057193923,0.0011904761904761906
httpurlconnection,0.0003254149040026033,0.0002380952380952381
connection,0.00011259993244004054,0.0002380952380952381
task,0.00028686173264486515,0.0004761904761904762
cloud,0.0004203446826397646,0.0007142857142857143
sdk,0.0006106404091290741,0.0019047619047619048
connect,0.0009132420091324201,0.0004761904761904762
gallery,0.00196078431372549,0.0016666666666666668
integration,0.00332667997338656,0.0035714285714285713
.net,4.376794906757435e-05,0.0030952380952380953
git,1.631494367265697e-05,0.0004761904761904762
java,2.8007815968388114e-05,0.01119047619047619
soql,0.035842293906810034,0.004761904761904762
aop,0.0003091190108191654,0.0002380952380952381
google-docs,0.0019290123456790122,0.0011904761904761906
lightning,1.3655172413793104,0.047142857142857146
assembla,0.007352941176470588,0.0002380952380952381
http-status-code-404,0.00017310022503029253,0.0002380952380952381
function,7.123606444489296e-05,0.0014285714285714286
multi-tenant,0.0004361098996947231,0.0002380952380952381
html,6.228489109185414e-05,0.014761904761904763
google-cloud-platform,0.000893016610108948,0.004761904761904762
postman,0.0020275162925416364,0.0033333333333333335
powerapps-formula,2.5851063829787235,0.05785714285714286
data-migration,0.0009225092250922509,0.0002380952380952381
google-app-engine,4.45751983596327e-05,0.0004761904761904762
google-sheets,0.00044701061650214194,0.002857142857142857
authorize.net,0.000877963125548727,0.0002380952380952381
hash,4.6924123691990054e-05,0.0002380952380952381
xslt,2.9202196005139588e-05,0.0002380952380952381
search,0.0002115826381332366,0.0016666666666666668
drupal-8,0.0003894080996884735,0.0002380952380952381
timestamp,0.0005617977528089888,0.0014285714285714286
flow,0.025280898876404494,0.004285714285714286
sqlite,1.20774405487989e-05,0.0002380952380952381
encoding,4.686474833630143e-05,0.0002380952380952381
pseudocode,0.0006082725060827251,0.0002380952380952381
getscript,0.0055248618784530384,0.0002380952380952381
html-to-pdf,0.002188183807439825,0.0002380952380952381
pivot,0.00012064181445288937,0.0002380952380952381
ajax,2.870607372676602e-05,0.0014285714285714286
sql-insert,0.000275178866263071,0.0002380952380952381
delegates,9.500285008550257e-05,0.0002380952380952381
debounce,0.0049504950495049506,0.0002380952380952381
google-analytics-api,0.00027917364600781687,0.0002380952380952381
permissionset,0.16666666666666666,0.0004761904761904762
custom-controls,0.00024906600249066,0.0002380952380952381
marketo,0.003952569169960474,0.0002380952380952381
opaleye,0.08333333333333333,0.0002380952380952381
exponentiation,0.006756756756756757,0.0004761904761904762
mobile-application,0.0032,0.0009523809523809524
field,0.0007568590350047304,0.0009523809523809524
salesforce-chatter,1.560747663551402,0.03976190476190476
cname,0.0012484394506866417,0.0002380952380952381
usergroups,0.0033783783783783786,0.0002380952380952381
integrate,0.002544529262086514,0.0002380952380952381
sorting,4.8143274384568475e-05,0.0007142857142857143
python-requests,0.00023048555623847572,0.0007142857142857143
sprite-kit,7.870916961826053e-05,0.0002380952380952381
twilio-twiml,0.002457002457002457,0.0002380952380952381
payment,0.00036656891495601173,0.0002380952380952381
wkwebview,0.00033112582781456954,0.0002380952380952381
html-email,0.00024254183846713557,0.0002380952380952381
dkim,0.0024752475247524753,0.0002380952380952381
xml,0.0001860032550569635,0.008571428571428572
utf-8,5.00175061271445e-05,0.0002380952380952381
sharepoint,0.004516851329961781,0.027857142857142858
sharepoint-2013,0.001474615546661049,0.0016666666666666668
full-text-search,0.0002838087129274869,0.0004761904761904762
page-break,0.002336448598130841,0.0002380952380952381
yammer,0.004155124653739612,0.0007142857142857143
apex-code,0.04576144036009002,0.014523809523809524
restriction,0.0016474464579901153,0.0002380952380952381
google-admin-sdk,0.0025884383088869713,0.0007142857142857143
google-cloud-automl,0.003676470588235294,0.0002380952380952381
google-groups-settings,0.030303030303030304,0.0002380952380952381
workflow,0.0010813148788927337,0.0011904761904761906
audio-recording,0.0005184033177812338,0.0002380952380952381
wrapper,0.0009478672985781991,0.0007142857142857143
hmac,0.0008764241893076249,0.0002380952380952381
restkit,0.00036832412523020257,0.0002380952380952381
nodemailer,0.006765899864682003,0.002380952380952381
datafield,0.01818181818181818,0.0002380952380952381
language-translation,0.0031847133757961785,0.0002380952380952381
ruby-on-rails-4,8.210630029010893e-05,0.0007142857142857143
analytics,0.0004827419744146754,0.0004761904761904762
fullcalendar-scheduler,0.0024691358024691358,0.0002380952380952381
ssis,0.00010904530832560929,0.0004761904761904762
apex,0.08244365361803084,0.033095238095238094
http-post,0.0001301405517959396,0.0002380952380952381
onenote-api,0.0033222591362126247,0.0002380952380952381
rocket.chat,0.00411522633744856,0.0002380952380952381
imap,0.001024327784891165,0.0009523809523809524
azure-functions,0.001430615164520744,0.002380952380952381
range,0.00024122542515981184,0.0004761904761904762
telnet,0.00043956043956043956,0.0002380952380952381
sql,0.00011567358749697045,0.015
appsource,0.044444444444444446,0.0004761904761904762
xmlhttprequest,9.51746454744456e-05,0.0002380952380952381
windows-server-2008-r2,0.0005561735261401557,0.0002380952380952381
directory,0.00012051822838204278,0.0004761904761904762
credit-card,0.0009124087591240876,0.0002380952380952381
font-size,0.0004422821760283061,0.0002380952380952381
actionmailer,0.0017683465959328027,0.0009523809523809524
content-security-policy,0.0029006526468455403,0.0009523809523809524
jdbc,0.00017003332653200027,0.0011904761904761906
outer-join,0.0006830601092896175,0.0002380952380952381
phpmailer,0.0008403361344537816,0.0009523809523809524
social-networking,0.00047393364928909954,0.0002380952380952381
currency,0.0003898635477582846,0.0002380952380952381
mule-studio,0.0018832391713747645,0.0007142857142857143
hlist,0.007518796992481203,0.0002380952380952381
vml,0.003937007874015748,0.0002380952380952381
relation,0.0008143322475570033,0.0002380952380952381
salesforce-lightning,1.3356521739130436,0.18285714285714286
github,5.210232897410514e-05,0.0004761904761904762
libraries,0.0003604902667627974,0.0002380952380952381
forms,0.00014779490009064755,0.0035714285714285713
database-connection,0.0004743833017077799,0.0007142857142857143
tsql,3.1919817418644366e-05,0.0004761904761904762
contacts,0.0016220600162206002,0.0009523809523809524
javamail,0.0008565310492505353,0.0009523809523809524
options,0.0005707762557077625,0.0002380952380952381
js-xlsx,0.008620689655172414,0.0002380952380952381
uiimageview,9.597850081581725e-05,0.0002380952380952381
string,1.3084723585214262e-05,0.0004761904761904762
fuzzy-comparison,0.0035460992907801418,0.0002380952380952381
spam-prevention,0.0012787723785166241,0.0002380952380952381
flask,2.7101739931703616e-05,0.0002380952380952381
activerecord,7.351860020585208e-05,0.0004761904761904762
facebook-messenger,0.0016597510373443983,0.0004761904761904762
deep-linking,0.00043591979075850045,0.0002380952380952381
nosql,9.116601331023795e-05,0.0002380952380952381
content-management-system,0.000146864444118079,0.0002380952380952381
dns,0.00039954717986282216,0.0014285714285714286
botframework,0.0002844950213371266,0.0004761904761904762
extjs,4.173100196135709e-05,0.0002380952380952381
grails-plugin,0.0006743088334457181,0.0002380952380952381
single-sign-on,0.0006639004149377593,0.0009523809523809524
chatbot,0.0007204610951008645,0.0004761904761904762
duplicates,0.00026455026455026457,0.0007142857142857143
domain-name,0.0021321961620469083,0.0002380952380952381
microsoft-graph-calendar,0.005555555555555556,0.0002380952380952381
xcode,2.109704641350211e-05,0.0007142857142857143
delegation,0.0014641288433382138,0.0002380952380952381
spring-mvc,3.7233547426231035e-05,0.0004761904761904762
redux,4.0338846308995566e-05,0.0002380952380952381
linkedin,0.00024313153415998054,0.0002380952380952381
squarespace,0.0031446540880503146,0.0004761904761904762
amazon-sns,0.001004016064257028,0.0004761904761904762
header,8.377314233056883e-05,0.0002380952380952381
ruby-on-rails,3.1462074042845055e-05,0.002380952380952381
webresource,0.010416666666666666,0.0002380952380952381
point-in-polygon,0.004484304932735426,0.0002380952380952381
forall,0.021505376344086023,0.0004761904761904762
deluge,0.5217391304347826,0.002857142857142857
phonegap-cli,0.004098360655737705,0.0002380952380952381
custom-events,0.005376344086021506,0.0002380952380952381
visual-studio,1.044768322624458e-05,0.0002380952380952381
audiounit,0.001443001443001443,0.0002380952380952381
web-based,0.012658227848101266,0.0002380952380952381
batterylevel,0.0041841004184100415,0.0002380952380952381
yii2,0.00035350678733031673,0.0011904761904761906
user-interface,0.00010255989497866754,0.0011904761904761906
authentication,0.00017609509134932863,0.0019047619047619048
light,0.0036968576709796672,0.0004761904761904762
fullcalendar-3,0.004166666666666667,0.0002380952380952381
cloudflare,0.0005530973451327434,0.0002380952380952381
oauth,0.0005590027391134217,0.002380952380952381
checkbox,7.450454477723141e-05,0.0004761904761904762
microsoft-teams,0.0029120559114735,0.0011904761904761906
google-picker,0.004166666666666667,0.0002380952380952381
swashbuckle,0.0010695187165775401,0.0002380952380952381
decorator,0.0005194805194805195,0.0004761904761904762
appscript,0.010526315789473684,0.0002380952380952381
biginteger,0.0005817335660267597,0.0002380952380952381
visualization,0.00024242424242424242,0.0002380952380952381
twitter-bootstrap,1.0175010175010176e-05,0.0002380952380952381
ms-access,4.320867630220148e-05,0.0004761904761904762
entity,0.00017415534656913968,0.0002380952380952381
mulesoft,0.002109704641350211,0.0002380952380952381
google-cloud-storage,0.00013795006207752792,0.0002380952380952381
projects,0.0029498525073746312,0.0002380952380952381
updates,0.00030175015087507544,0.0002380952380952381
sms,0.00014114326040931546,0.0002380952380952381
ruby,3.279763857002296e-05,0.0016666666666666668
salesforce-communities,1.7692307692307692,0.060238095238095236
vinyl,1.0,0.0054761904761904765
azure-active-directory,0.0017620232172470978,0.004047619047619047
beacon,0.0013386880856760374,0.0002380952380952381
backend,0.0002464268112370626,0.0002380952380952381
salesforce-cli,0.5,0.0004761904761904762
icalendar,0.0014177693761814746,0.0007142857142857143
sfdc-metadata-api,0.2727272727272727,0.0007142857142857143
userscripts,0.0009433962264150943,0.0002380952380952381
oscommerce,0.002849002849002849,0.0002380952380952381
redmine,0.0005396654074473826,0.0002380952380952381
firebird,0.0006297229219143577,0.0004761904761904762
expression,0.0001528117359413203,0.0002380952380952381
adaptive-cards,0.0022675736961451248,0.0002380952380952381
geolocation,0.000181801654395055,0.0004761904761904762
windows,2.8367386016297064e-05,0.0009523809523809524
google-authentication,0.0006443298969072165,0.0002380952380952381
permissions,6.692992436918547e-05,0.0002380952380952381
ftps,0.002109704641350211,0.0002380952380952381
hierarchy,0.0004108463434675431,0.0002380952380952381
upsert,0.0011737089201877935,0.0002380952380952381
google-drive-api,0.0013971358714634998,0.0038095238095238095
firebase,5.468365505550391e-05,0.0011904761904761906
saas,0.0010460251046025104,0.0002380952380952381
workflow-foundation-4,0.0006067961165048543,0.0002380952380952381
schema,0.0001603077909586406,0.0002380952380952381
bots,0.00018800526414739614,0.0002380952380952381
web-services,0.00020108586366378444,0.002857142857142857
slimdx,0.0035460992907801418,0.0002380952380952381
fedex,0.0024449877750611247,0.0002380952380952381
combobox,0.0003009872381411028,0.0011904761904761906
automation,0.00023813776269571946,0.0009523809523809524
get,0.00013757050488375291,0.0004761904761904762
ivr,0.0031847133757961785,0.0002380952380952381
eddystone,0.003355704697986577,0.0002380952380952381
many-to-many,0.0001369487811558477,0.0002380952380952381
azure-repos,0.008928571428571428,0.0002380952380952381
google-cloud-functions,0.00010330578512396694,0.0002380952380952381
maven-3,0.00020999580008399833,0.0002380952380952381
calculated-columns,0.0006273525721455458,0.0002380952380952381
logout,0.000508646998982706,0.0002380952380952381
undefined,0.00018412815319462345,0.0002380952380952381
restkit-0.20,0.0013568521031207597,0.0002380952380952381
viewbox,0.003205128205128205,0.0002380952380952381
google-play,0.00010585371017254155,0.0002380952380952381
export,0.0003811944091486658,0.0007142857142857143
powerbi,0.002136483599346487,0.004047619047619047
sharepoint-workflow,0.0017035775127768314,0.0002380952380952381
selected,0.0011682242990654205,0.0002380952380952381
highcharts,8.997660608241857e-05,0.0004761904761904762
id,0.0026109660574412533,0.0004761904761904762
type-level-computation,0.003787878787878788,0.0002380952380952381
vue.js,6.94661526171373e-05,0.0009523809523809524
newforms,0.05555555555555555,0.0002380952380952381
backbone.js,4.842380514260811e-05,0.0002380952380952381
continuous-integration,0.0001889287738522577,0.0004761904761904762
ios7.1,0.0017094017094017094,0.0002380952380952381
carousel,0.0004021717273275689,0.0004761904761904762
twilio-programmable-chat,0.004149377593360996,0.0002380952380952381
asp.net-mvc,1.5846604864907693e-05,0.0007142857142857143
jhipster,0.0002457606291472106,0.0002380952380952381
server,0.0002559770644550248,0.0011904761904761906
gql,0.0022727272727272726,0.0002380952380952381
xna,0.00013717421124828533,0.0002380952380952381
triggers,0.0005669291338582678,0.002142857142857143
listbox,9.051412020275162e-05,0.0002380952380952381
rendering,0.00018301610541727673,0.0002380952380952381
for-loop,3.886060700268138e-05,0.0004761904761904762
case-statement,0.002544529262086514,0.0002380952380952381
middleware,0.0003484320557491289,0.0002380952380952381
ibeacon,0.0004697040864255519,0.0002380952380952381
vb.net,5.3869359108539064e-05,0.0016666666666666668
mendix,1.0,0.008809523809523809
flask-mail,0.011627906976744186,0.0004761904761904762
error-messaging,0.012195121951219513,0.0002380952380952381
loops,2.7641489876304332e-05,0.0004761904761904762
default-value,0.0005820721769499418,0.0002380952380952381
comments,0.00017605633802816902,0.0002380952380952381
cds,0.05,0.0009523809523809524
hex,0.00012202562538133008,0.0002380952380952381
objective-c,1.7242390071142103e-05,0.0011904761904761906
apigee,0.0014184397163120568,0.0002380952380952381
codeigniter,0.00010510668328353279,0.0016666666666666668
blank-line,0.005291005291005291,0.0002380952380952381
diagram,0.0006451612903225806,0.0002380952380952381
asp.net-web-api2,0.00013319126265316994,0.0002380952380952381
outsystems,1.0,0.03642857142857143
dynamics-365,0.0068775790921595595,0.0011904761904761906
swagger-2.0,0.0007122507122507123,0.0002380952380952381
http-get,0.0007052186177715092,0.0002380952380952381
gatsby,0.00031436655139893113,0.0002380952380952381
layout,4.0956749672346e-05,0.0002380952380952381
parameter-passing,0.0001487652484379649,0.0002380952380952381
javascript-events,9.273856997125104e-05,0.0002380952380952381
android,1.8791988348967223e-05,0.005714285714285714
load-testing,0.0003748125937031484,0.0002380952380952381
jquery-ui-tooltip,0.0038022813688212928,0.0002380952380952381
google-directory-api,0.005633802816901409,0.0004761904761904762
installation,7.654623392529088e-05,0.0002380952380952381
google-data-studio,0.0016906170752324597,0.0004761904761904762
google-maps,0.00011151824119802454,0.0016666666666666668
xml-parsing,0.00016025641025641026,0.0004761904761904762
data-binding,0.0001396583026860947,0.0007142857142857143
hangout,0.0029585798816568047,0.0002380952380952381
informatica,0.000778816199376947,0.0002380952380952381
webpage,0.0003669724770642202,0.0002380952380952381
salesforce-ios-sdk,0.11538461538461539,0.0014285714285714286
jdeveloper,0.0007320644216691069,0.0002380952380952381
barcode-scanner,0.00048123195380173246,0.0002380952380952381
power-automate,0.10599078341013825,0.010952380952380953
google-places-api,0.00021687269572760788,0.0002380952380952381
forge,0.0023094688221709007,0.0002380952380952381
postgresql,9.326855408304293e-05,0.002619047619047619
momentjs,0.0001591596371160274,0.0002380952380952381
heroku-postgres,0.0014285714285714286,0.0002380952380952381
sendmail.exe,0.012987012987012988,0.0002380952380952381
refresh-token,0.004291845493562232,0.0004761904761904762
algorithm,2.0028640956567893e-05,0.0004761904761904762
concatenation,0.0001436162573603332,0.0002380952380952381
eval,0.0002380952380952381,0.0002380952380952381
dialogflow,0.00021326508850501172,0.0002380952380952381
create-function,0.011363636363636364,0.0002380952380952381
type-mismatch,0.0015503875968992248,0.0002380952380952381
python-3.x,2.591904617910061e-05,0.0014285714285714286
key-value,0.0004380201489268506,0.0002380952380952381
sitecore-xdb,0.02631578947368421,0.0002380952380952381
ckeditor,0.0004707543839002001,0.0009523809523809524
regex,2.6435677590476106e-05,0.0014285714285714286
relationship,0.00022588660492432798,0.0002380952380952381
vis.js,0.00141643059490085,0.0002380952380952381
web-scraping,3.411688444611238e-05,0.0002380952380952381
data-extraction,0.0016666666666666668,0.0002380952380952381
serialization,6.975446428571428e-05,0.0004761904761904762
google-calendar-api,0.0008971828458639871,0.0011904761904761906
email,0.0006981000358483803,0.008809523809523809
spark-streaming,0.00020491803278688525,0.0002380952380952381
email-integration,0.001813236627379873,0.0004761904761904762
httpresponse,0.00031017369727047146,0.0002380952380952381
microsoft-dynamics,0.006658343736995423,0.0038095238095238095
audit-trail,0.003787878787878788,0.0002380952380952381
archive,0.00047551117451260106,0.0002380952380952381
custom-function,0.0031645569620253164,0.0002380952380952381
cascading,0.002881844380403458,0.0002380952380952381
azure-connect,0.017543859649122806,0.0002380952380952381
unity3d,3.9270356771191266e-05,0.0004761904761904762
acronym,0.012048192771084338,0.0002380952380952381
external-accessory,0.00425531914893617,0.0002380952380952381
kendo-ui,6.298815822625347e-05,0.0002380952380952381
thunderbird,0.022988505747126436,0.002857142857142857
jive,0.018867924528301886,0.0002380952380952381
post,0.0002238388360380526,0.0019047619047619048
azure-sql-database,0.0007190106413574921,0.0011904761904761906
getter-setter,0.0005564830272676684,0.0002380952380952381
gmail-api,0.0015718327569946558,0.0011904761904761906
heroku,8.526603001364257e-05,0.0007142857142857143
click,0.00011853959222380275,0.0002380952380952381
promise,0.00011431837667905116,0.0004761904761904762
ecmascript-6,8.093889113719143e-05,0.0004761904761904762
subform,0.006211180124223602,0.0004761904761904762
jmeter-plugins,0.0008396305625524769,0.0002380952380952381
modalpopup,0.0078125,0.0002380952380952381
twilio,0.0009651178822556183,0.0016666666666666668
ant,6.653802648213454e-05,0.0002380952380952381
hipaa,0.010309278350515464,0.0002380952380952381
roadmap,0.029411764705882353,0.0002380952380952381
converters,0.0011976047904191617,0.0002380952380952381
spf,0.004464285714285714,0.0004761904761904762
columnsorting,0.0033783783783783786,0.0002380952380952381
o365-flow,0.043478260869565216,0.0002380952380952381
static,0.00013770311209033325,0.0004761904761904762
chromecast,0.0005120327700972862,0.0002380952380952381
webservice-client,0.0009099181073703367,0.0002380952380952381
selenium-chromedriver,0.00035423308537017357,0.0007142857142857143
visual-studio-code,0.00016867673104495234,0.0009523809523809524
http,8.66190839165685e-05,0.0011904761904761906
modal-dialog,0.00019428793471925395,0.0004761904761904762
svg,0.00019846332681239546,0.0016666666666666668
formula,0.0006597756762700682,0.0007142857142857143
bonita,0.007246376811594203,0.0002380952380952381
printing,9.900990099009902e-05,0.0004761904761904762
dynamics-crm-365-v9,0.018518518518518517,0.0002380952380952381
object,9.792401096748923e-05,0.0011904761904761906
project-online,0.022222222222222223,0.0002380952380952381
onedrive,0.0017467248908296944,0.0009523809523809524
nlp,7.342143906020558e-05,0.0002380952380952381
custom-action,0.0010319917440660474,0.0002380952380952381
webdriver,9.563886763580719e-05,0.0002380952380952381
kettle,0.0007818608287724785,0.0002380952380952381
patch,0.0013297872340425532,0.0007142857142857143
sitecore,0.00015941335883947074,0.0002380952380952381
flot,0.00048262548262548264,0.0002380952380952381
ios13,0.00045934772622875517,0.0002380952380952381
dax,0.0002584647195657793,0.0002380952380952381
bing-maps,0.0007942811755361397,0.0004761904761904762
msmtp,0.027777777777777776,0.0002380952380952381
vinyl-ftp,0.05263157894736842,0.0002380952380952381
line,0.00019175455417066154,0.0002380952380952381
google-drive-team-drive,0.03048780487804878,0.0011904761904761906
admin,0.0009930486593843098,0.0009523809523809524
cross-domain,0.0001703867779860283,0.0002380952380952381
php-curl,0.00351288056206089,0.0007142857142857143
lwc,1.5694444444444444,0.026904761904761904
visualforce,0.050387596899224806,0.015476190476190477
aws-lambda,0.00012181751735899622,0.0004761904761904762
octobercms,0.000744047619047619,0.0002380952380952381
jenkins,2.454951637452742e-05,0.0002380952380952381
asp.net,3.370436218707606e-05,0.002857142857142857
cdata,0.000975609756097561,0.0002380952380952381
merge,5.193456245131135e-05,0.0002380952380952381
hierarchical-data,0.0006038647342995169,0.0002380952380952381
powerapps-canvas,2.5375,0.04833333333333333
email-templates,0.0056022408963585435,0.0004761904761904762
openapi,0.0006993006993006993,0.0002380952380952381
paypal,5.288207297726071e-05,0.0002380952380952381
excel-tables,0.007575757575757576,0.0002380952380952381
runtime-error,0.00013245033112582781,0.0002380952380952381
rich-text-editor,0.0011507479861910242,0.0002380952380952381
phonegap-plugins,0.00023430178069353328,0.0002380952380952381
rxjs,7.103786318107552e-05,0.0002380952380952381
messagebird,0.1111111111111111,0.0002380952380952381
apex-trigger,0.125,0.0009523809523809524
fullcalendar,0.0010001250156269534,0.0019047619047619048
azure-maps,0.007518796992481203,0.0002380952380952381
amazon-s3,5.742341152487869e-05,0.0004761904761904762
c,6.02879957557251e-06,0.0004761904761904762
variables,2.1892856360969414e-05,0.0002380952380952381
iis,2.9427343887940674e-05,0.0002380952380952381
es6-promise,0.000259000259000259,0.0002380952380952381
amazon-web-services,6.34490926779747e-05,0.0014285714285714286
r,1.1524753730418723e-05,0.0009523809523809524
sharepoint-list,0.038922155688622756,0.0030952380952380953
project-management,0.0006622516556291391,0.0002380952380952381
bitcoin,0.0006317119393556538,0.0002380952380952381
sql-server,0.0001259965980918515,0.008571428571428572
drop-down-menu,0.00020213249785234222,0.0009523809523809524
haskell,0.00024980129442488927,0.002619047619047619
schedule,0.0007293946024799417,0.0002380952380952381
editor,0.00035536602700781805,0.0004761904761904762
mentionsinput.js,0.25,0.0004761904761904762
base64,0.0003270824247710423,0.0007142857142857143
meeting-request,0.03125,0.0002380952380952381
mobile,0.00015077839345621773,0.0009523809523809524
laravel-5,2.7104678267468964e-05,0.0002380952380952381
hmacsha1,0.0035971223021582736,0.0002380952380952381
model-driven-development,0.018867924528301886,0.0002380952380952381
google-cloud-sql,0.014372163388804841,0.009047619047619047
confirmation,0.0022675736961451248,0.0002380952380952381
django,4.297230864430961e-05,0.002380952380952381
mfi,0.005747126436781609,0.0002380952380952381
powerapps-modeldriven,0.5714285714285714,0.0019047619047619048
lighting,0.005813953488372093,0.0009523809523809524
arkit,0.00040666937779585197,0.0002380952380952381
account,0.0018281535648994515,0.0004761904761904762
recurring-events,0.007751937984496124,0.0002380952380952381
imagefield,0.0035971223021582736,0.0002380952380952381
pdf,0.00011687977746090371,0.0011904761904761906
attachment,0.0015232292460015233,0.0009523809523809524
exacttarget,0.016666666666666666,0.0004761904761904762
google-sheets-api,0.0010660980810234541,0.0007142857142857143
gitlab-ci,0.0002852253280091272,0.0002380952380952381
selenium,0.0003087331203522242,0.0054761904761904765
node.js,0.00010888798148904315,0.008571428571428572
zohobooks,0.5555555555555556,0.002380952380952381
lookup,0.0018477457501847746,0.0011904761904761906
exception,2.752849198920883e-05,0.0002380952380952381
simplexml,0.0010554089709762533,0.0009523809523809524
dashboard,0.000502008032128514,0.0002380952380952381
google-apps-script,0.0049589869943548635,0.03785714285714286
constraints,0.00013646288209606986,0.0002380952380952381
gateway,0.0010438413361169101,0.0002380952380952381
cookies,3.3364473508608036e-05,0.0002380952380952381
pdf-generation,0.0004662004662004662,0.0007142857142857143
gsuite,0.016877637130801686,0.0038095238095238095
client-server,0.0001644195988161789,0.0002380952380952381
pivot-table,0.00017117425539198904,0.0002380952380952381
events,0.00014639145073927682,0.0011904761904761906
ip-camera,0.0015384615384615385,0.0002380952380952381
information-schema,0.002331002331002331,0.0002380952380952381
one-to-many,0.0003161555485298767,0.0002380952380952381
stripe-payments,0.00015489467162329616,0.0002380952380952381
clasp,0.01639344262295082,0.0002380952380952381
fade,0.0006238303181534623,0.0002380952380952381
google-oauth2,0.0005336179295624333,0.0002380952380952381
datetime,5.511160099200882e-05,0.0007142857142857143
azure-cognitive-services,0.001589825119236884,0.0002380952380952381
google-sheets-formula,0.000281610813855252,0.0002380952380952381
jsonschema2pojo,0.007518796992481203,0.0002380952380952381
python,1.869457836455674e-05,0.0064285714285714285
zapier,0.003663003663003663,0.0007142857142857143
scheduler,0.0003590664272890485,0.0002380952380952381
mule,0.001305672421296968,0.002142857142857143
azure-devops-rest-api,0.0011350737797956867,0.0002380952380952381
leaflet,0.0004928536224741252,0.0011904761904761906
load,0.00015019525382997898,0.0002380952380952381
nodelist,0.0029585798816568047,0.0002380952380952381
power-platform,1.0,0.0004761904761904762
height,0.00017507002801120448,0.0002380952380952381
service-provider,0.0031746031746031746,0.0002380952380952381
image,7.026348808030113e-05,0.0016666666666666668
digital-ocean,0.00036886757654002215,0.0002380952380952381
aura-framework,1.6666666666666667,0.014285714285714285
label,0.0002457002457002457,0.0004761904761904762
java-7,0.0003448275862068965,0.0002380952380952381
master-data-services,0.008403361344537815,0.0002380952380952381
outlook,0.000662970106075217,0.002619047619047619
html-table,0.00010026570411590716,0.0004761904761904762
ionic-framework,2.5484199796126402e-05,0.0002380952380952381
business-process-management,0.0029895366218236174,0.0004761904761904762
phonegap,0.001049317943336831,0.0004761904761904762
navigateurl,0.01,0.0002380952380952381
textinput,0.000984251968503937,0.0002380952380952381
recursion,8.094325877559831e-05,0.0007142857142857143
picker,0.0009560229445506692,0.0002380952380952381
suggestbox,0.046153846153846156,0.0007142857142857143
file,4.2970092815400483e-05,0.0007142857142857143
angular,4.129406420768161e-05,0.002142857142857143
tfs,9.749439407234084e-05,0.0004761904761904762
aes,0.00017067759003242875,0.0002380952380952381
spfx,0.002109704641350211,0.0002380952380952381
automl,0.004347826086956522,0.0002380952380952381
pptxgenjs,0.03125,0.0002380952380952381
fullcalendar-4,0.00646551724137931,0.0007142857142857143
new-operator,0.00041649312786339027,0.0002380952380952381
treeview,0.00011862396204033214,0.0002380952380952381
postmessage,0.001375515818431912,0.0002380952380952381
https,9.408665380815732e-05,0.0004761904761904762
colors,5.568548836173293e-05,0.0002380952380952381
networking,3.072385400024579e-05,0.0002380952380952381
scroll,5.23532799329878e-05,0.0002380952380952381
encode,0.0003716090672612412,0.0002380952380952381
oracle-adf,0.0004940711462450593,0.0002380952380952381
snowflake-cloud-data-platform,0.0005449591280653951,0.0002380952380952381
multidimensional-array,3.3943179118156203e-05,0.0002380952380952381
mybb,0.0048543689320388345,0.0002380952380952381
advantage-database-server,0.002770083102493075,0.0002380952380952381
google-cloud-ml,0.001148105625717566,0.0002380952380952381
jsignature,0.023255813953488372,0.0002380952380952381
listview,6.0263956127839936e-05,0.0007142857142857143
requestanimationframe,0.0015923566878980893,0.0002380952380952381
photo,0.0004887585532746823,0.0002380952380952381
alert,0.00024993751562109475,0.0002380952380952381
jira,0.00020567667626491157,0.0002380952380952381
error-handling,4.885436513752504e-05,0.0002380952380952381
relational-database,0.0004869339392955689,0.0007142857142857143
office365,0.0058823529411764705,0.009285714285714286
ng-lightning,0.1,0.0004761904761904762
asp.net-mvc-4,2.3734928320516473e-05,0.0002380952380952381
quickbooks,0.001135718341851221,0.0004761904761904762
azure-data-factory,0.0008795074758135445,0.0004761904761904762
amazon-workmail,0.034482758620689655,0.0002380952380952381
hadoop2,0.0004948045522018803,0.0002380952380952381
debugging,6.712911165808905e-05,0.0007142857142857143
real-time,0.0004926108374384236,0.0004761904761904762
web-worker,0.0005931198102016608,0.0002380952380952381
counter,0.00023299161230195712,0.0002380952380952381
google-cloud-firestore,5.47645125958379e-05,0.0002380952380952381
linkedin-api,0.00072992700729927,0.0002380952380952381
opengl-es,0.00022016732716864817,0.0007142857142857143
sonarqube,9.949258780220874e-05,0.0002380952380952381
hlsl,0.0007727975270479134,0.0002380952380952381
electron,0.00010087763542822556,0.0002380952380952381
calendar,0.00032919101308534276,0.0009523809523809524
twitter-oauth,0.00039936102236421724,0.0002380952380952381
ms-office,0.0009228497600590623,0.0011904761904761906
jmeter,0.00021769102387344895,0.0007142857142857143
image-processing,2.8434940855323022e-05,0.0002380952380952381
split,0.00010746332813927248,0.0004761904761904762
url-parameters,0.001059322033898305,0.0002380952380952381
here-api,0.0008368200836820083,0.0004761904761904762
dom-events,0.000441306266548985,0.0004761904761904762
clear,0.0006915629322268327,0.0002380952380952381
max,0.00028392958546280523,0.0004761904761904762
powerapps-component-framework,1.0,0.0016666666666666668
select,2.889338341519792e-05,0.0002380952380952381
json,0.00012312154148169934,0.008571428571428572
npm-install,0.0003059975520195838,0.0002380952380952381
salesforce-mobile-sdk,0.25,0.0011904761904761906
amazon-ses,0.000683526999316473,0.0002380952380952381
textbox,0.0003386100059256751,0.0009523809523809524
httprequest,0.00030721966205837174,0.0004761904761904762
ruby-on-rails-5,0.00023342670401493932,0.0004761904761904762
exception-handling,6.922810661128418e-05,0.0002380952380952381
onsubmit,0.001644736842105263,0.0002380952380952381
qlikview,0.0010718113612004287,0.0002380952380952381
toast,0.0005858230814294083,0.0002380952380952381
import-from-csv,0.002932551319648094,0.0002380952380952381
azure-ad-b2c,0.0007412898443291327,0.0004761904761904762
roundcube,0.00558659217877095,0.0002380952380952381
data-gateway,0.20833333333333334,0.0011904761904761906
leaflet.markercluster,0.004807692307692308,0.0002380952380952381
sum,8.687342541916427e-05,0.0002380952380952381
spotify,0.00033444816053511704,0.0002380952380952381
databasedotcom-gem,0.023809523809523808,0.0002380952380952381
drive,0.0027397260273972603,0.0004761904761904762
lookupfield,0.034482758620689655,0.0002380952380952381
nodes,0.0002007628990162618,0.0002380952380952381
material-ui,0.0001282051282051282,0.0002380952380952381
mozilla,0.0006031363088057901,0.0002380952380952381
c#-4.0,7.809449433814917e-05,0.0004761904761904762
url-rewrite-module,0.0015384615384615385,0.0002380952380952381
days,0.002331002331002331,0.0002380952380952381
tabs,0.000383670963781461,0.0011904761904761906
sweetalert2,0.0019011406844106464,0.0002380952380952381
mysql,6.860673115699396e-05,0.009761904761904762
internet-explorer-11,0.0007735447689035003,0.0009523809523809524
docusignapi,0.0024067388688327317,0.002380952380952381
wcf,4.007212983370066e-05,0.0004761904761904762
sharepoint-online,0.02177700348432056,0.011904761904761904
migration,0.00011304544426859598,0.0002380952380952381
aura.js,0.6,0.0035714285714285713
aggregates,0.008064516129032258,0.0002380952380952381
sfdc-migration-tool,0.5714285714285714,0.0009523809523809524
cloud9,0.006329113924050633,0.0004761904761904762
elementtree,0.0004633920296570899,0.0002380952380952381
database,0.00012489517726194086,0.005
stored-procedures,9.15024705667053e-05,0.0007142857142857143
maps,0.00012348728081007656,0.0002380952380952381
cmdlet,0.00303951367781155,0.0002380952380952381
submit,0.00040120361083249747,0.0004761904761904762
powerapps-portal,0.5333333333333333,0.0019047619047619048
browser,4.265483705852244e-05,0.0002380952380952381
arrays,2.7199782401740785e-05,0.002142857142857143
if-statement,0.00010596812478806375,0.0011904761904761906
zone,0.004807692307692308,0.0002380952380952381
common-data-service,0.40540540540540543,0.0035714285714285713
google-apps-script-api,0.010869565217391304,0.0002380952380952381
appian,1.0,0.0038095238095238095
dojo,0.00010804970286331713,0.0002380952380952381
singleton-type,0.012658227848101266,0.0002380952380952381
vercel,0.004807692307692308,0.0002380952380952381
selenium-webdriver,0.0003604253018561903,0.0033333333333333335
python-3.7,0.0002875215641173088,0.0002380952380952381
static-resource,0.014084507042253521,0.0002380952380952381
guzzlehttp,0.004608294930875576,0.0002380952380952381
blat,0.02,0.0002380952380952381
toggle,0.0001949317738791423,0.0002380952380952381
docker,2.5822778272714362e-05,0.0004761904761904762
react-tsx,0.006622516556291391,0.0002380952380952381
ui-automation,0.0017661603673613563,0.0011904761904761906
connector,0.010638297872340425,0.0016666666666666668
fetch,0.000143143429716576,0.0002380952380952381
tooltip,0.0003206155819172812,0.0004761904761904762
self-signed,0.001392757660167131,0.0002380952380952381
browser-history,0.0007220216606498195,0.0002380952380952381
pardot,0.013888888888888888,0.0002380952380952381
zpl,0.0021691973969631237,0.0002380952380952381
salesforce,0.12019410227696901,0.23
xpath,0.0002160427147310268,0.0016666666666666668
google-tag-manager,0.0003078817733990148,0.0002380952380952381
ruby-on-rails-3,5.3603016063037146e-05,0.0007142857142857143
iteration,0.00012156576707999027,0.0002380952380952381
azure-application-insights,0.0004342162396873643,0.0002380952380952381
containers,0.00013175230566534913,0.0002380952380952381
widget,0.0009698275862068965,0.002142857142857143
phplist,0.011363636363636364,0.0002380952380952381
namespaces,8.999280057595392e-05,0.0002380952380952381
podio,0.001953125,0.0002380952380952381
kanban,0.004672897196261682,0.0002380952380952381
misfit,0.2,0.0002380952380952381
quickbase,1.0,0.016904761904761905
timer,5.7133062903502255e-05,0.0002380952380952381
ibm-watson,0.0004798464491362764,0.0002380952380952381
ios5,0.00016852039096730705,0.0004761904761904762
salesforce-service-cloud,1.4323144104803494,0.07809523809523809
xhtml,0.00015098897780462027,0.0002380952380952381
php,8.498512390831065e-05,0.02738095238095238
powerapps-collection,3.08,0.018333333333333333
aspose,0.0015220700152207,0.0002380952380952381
custom-domain,0.014285714285714285,0.0002380952380952381
angularjs,1.9192237123928113e-05,0.0011904761904761906
time-series,9.765625e-05,0.0002380952380952381
devart,0.003076923076923077,0.0002380952380952381
maven,2.706286704013423e-05,0.0004761904761904762
datatables,0.0004266991770801585,0.0016666666666666668
glsl,0.00015257857796765334,0.0002380952380952381
controller,0.0001366120218579235,0.0004761904761904762
access-token,0.0006863417982155113,0.0004761904761904762
intuit,0.003067484662576687,0.0002380952380952381
save,0.00011337868480725624,0.0002380952380952381
dialogflow-fulfillment,0.002207505518763797,0.0002380952380952381
hadoop,2.378686964795433e-05,0.0002380952380952381
effect,0.0012787723785166241,0.0002380952380952381
filtering,0.0008592541673827118,0.0011904761904761906
katalon-studio,0.0015128593040847202,0.0002380952380952381
webautomation,0.0032258064516129032,0.0002380952380952381
fiddler,0.000468384074941452,0.0002380952380952381
mapping,0.00013063357282821686,0.0002380952380952381
e-commerce,0.0002205071664829107,0.0002380952380952381
audit,0.0020491803278688526,0.0004761904761904762
trim,0.0004716981132075472,0.0002380952380952381
html2canvas,0.000725689404934688,0.0002380952380952381
thunderbird-addon,0.005263157894736842,0.0002380952380952381
powershell,9.851974089308145e-05,0.0019047619047619048
dynamics-365-sales,0.043478260869565216,0.0002380952380952381
google-material-icons,0.006711409395973154,0.0002380952380952381
rest,0.0006933299094819285,0.012857142857142857
configuration,0.00012579407509906283,0.0004761904761904762
swift,1.868516248617298e-05,0.0011904761904761906
heroku-toolbelt,0.0019646365422396855,0.0002380952380952381
recaptcha,0.0011409013120365088,0.0009523809523809524
smtp,0.0021670606776989757,0.005238095238095238
service,4.713201677899797e-05,0.0002380952380952381
dsn,0.0029154518950437317,0.0002380952380952381
pdftron,0.005,0.0002380952380952381
ms-project-server-2016,0.05,0.0002380952380952381
opencart2.x,0.000881057268722467,0.0002380952380952381
google-api,0.00025358184354000256,0.0009523809523809524
excel,0.00013017501806739475,0.006904761904761905
edit,0.0003549875754348598,0.0002380952380952381
azure-data-lake,0.0007358351729212656,0.0002380952380952381
magento-1.6,0.002053388090349076,0.0002380952380952381
popup,0.00041296716911005574,0.0009523809523809524
facebook,1.1833199223742131e-05,0.0002380952380952381
demandware,0.031914893617021274,0.0007142857142857143
properties,6.149305128520478e-05,0.0002380952380952381
jquery,3.544188947801185e-05,0.008333333333333333
datamodel,0.0021231422505307855,0.0002380952380952381
zebra-printers,0.001277139208173691,0.0002380952380952381
mailer,0.0018115942028985507,0.0002380952380952381
report,0.0015130882130428205,0.002380952380952381
canvas,0.00018963337547408344,0.0014285714285714286
null,0.00014587892049598833,0.0004761904761904762
dynamics-crm-portals,0.0392156862745098,0.0004761904761904762
google-bigquery,0.0006028636021100226,0.0019047619047619048
lead,0.0051813471502590676,0.0002380952380952381
entities,0.001288659793814433,0.0002380952380952381
caching,2.9563058002719802e-05,0.0002380952380952381
grails,3.4327692149256805e-05,0.0002380952380952381
flashlight,0.002881844380403458,0.0002380952380952381
ibm-cloud,0.0001631321370309951,0.0002380952380952381
file-get-contents,0.0004137360364087712,0.0002380952380952381
arraylist,3.320935175345377e-05,0.0002380952380952381
google-plus,0.00023860653781913624,0.0002380952380952381
scala,1.0200542668869983e-05,0.0002380952380952381
ghc,0.0004570383912248629,0.0002380952380952381
exact-online,0.007352941176470588,0.0002380952380952381
email-attachments,0.000474158368895211,0.0002380952380952381
parameters,0.00010960105217010084,0.0004761904761904762
dataloader,0.008264462809917356,0.0002380952380952381
owncloud,0.0026041666666666665,0.0002380952380952381
youtube,7.014590347923682e-05,0.0002380952380952381
azure-data-factory-2,0.0008438818565400844,0.0002380952380952381
graphics,5.470758794244762e-05,0.0002380952380952381
react-google-charts,0.02857142857142857,0.0002380952380952381
restapi,0.008403361344537815,0.0002380952380952381
bootstrapping,0.0009328358208955224,0.0002380952380952381
foreach,4.6683161383688904e-05,0.0002380952380952381
iis-7,0.00010584250635055038,0.0002380952380952381
google-chat,0.038461538461538464,0.0002380952380952381
default,0.0003240440699935191,0.0002380952380952381
procedural-generation,0.002688172043010753,0.0002380952380952381
sandbox,0.000892458723784025,0.0004761904761904762
spring-boot,4.812551133355792e-05,0.0009523809523809524
continuous-deployment,0.001005530417295123,0.0004761904761904762
dropdown,0.002898550724637681,0.002857142857142857
navision,0.0026954177897574125,0.0002380952380952381
dynamics-crm-webapi,0.010416666666666666,0.0004761904761904762
developer-console,0.005405405405405406,0.0002380952380952381
xsd,7.633587786259542e-05,0.0002380952380952381
azure-ad-graph-api,0.0007674597083653108,0.0002380952380952381
google-tasks,0.010416666666666666,0.0002380952380952381
google-apis-explorer,0.0017667844522968198,0.0002380952380952381
vba,2.4162614394877527e-05,0.0009523809523809524
ios,4.118746633716694e-05,0.006190476190476191
magento-1.9,0.000327653997378768,0.0002380952380952381
code-editor,0.005076142131979695,0.0002380952380952381
asp.net-web-api,2.977253781112302e-05,0.0002380952380952381
microsoft-graph,0.0004510599909788002,0.0007142857142857143
azure-mysql-database,0.020833333333333332,0.0002380952380952381
vk,0.0037174721189591076,0.0002380952380952381
responsive,0.0002795638803466592,0.0002380952380952381
salesforce-development,0.16666666666666666,0.0004761904761904762
jsforce,0.09523809523809523,0.0004761904761904762
recaptcha-v3,0.00558659217877095,0.0002380952380952381
azure-api-management,0.001755926251097454,0.0004761904761904762
amazon-route53,0.001212856276531231,0.0004761904761904762
google-analytics,5.458813253998581e-05,0.0002380952380952381
survey,0.0011933174224343676,0.0002380952380952381
mail-server,0.003795066413662239,0.0004761904761904762
mono,0.00010333781130515655,0.0002380952380952381
microsoft-cognitive,0.0014545454545454545,0.0004761904761904762
symfony,4.554148829583751e-05,0.0007142857142857143
module,5.547542438699656e-05,0.0002380952380952381
jsdoc,0.0008561643835616438,0.0002380952380952381
ssh,4.14696856597827e-05,0.0002380952380952381
xcelsius,0.037037037037037035,0.0002380952380952381
skiasharp,0.003937007874015748,0.0002380952380952381
frameworks,9.194556822361162e-05,0.0002380952380952381
client,0.0002772387025228722,0.0004761904761904762
hl7,0.0016863406408094434,0.0002380952380952381
informix,0.0005115089514066496,0.0002380952380952381
cascadingdropdown,0.0022988505747126436,0.0002380952380952381
nuxt.js,0.0002563445270443476,0.0002380952380952381
google-oauth,0.0003669724770642202,0.0004761904761904762
google-groups,0.005235602094240838,0.0002380952380952381
react-redux,6.733099919202801e-05,0.0002380952380952381
retrofit,0.00014712373105781962,0.0002380952380952381
segment-analytics,0.07692307692307693,0.0002380952380952381
columnheader,0.007042253521126761,0.0002380952380952381
debian,0.00011665888940737284,0.0002380952380952381
microsoft-edge,0.0005803830528148578,0.0004761904761904762
magento2,0.00024055809477988935,0.0002380952380952381
join,0.00011215477358755083,0.0009523809523809524
ebay-api,0.0010224948875255625,0.0002380952380952381
c++,1.483404413128129e-06,0.0002380952380952381
direct-line-botframework,0.0024154589371980675,0.0002380952380952381
dynamics-crm-2011,0.0006829046209879354,0.0007142857142857143
cocoapods,0.00013442667025137788,0.0002380952380952381
mashup,0.010526315789473684,0.0002380952380952381
thunderbird-lightning,0.21739130434782608,0.0011904761904761906
neo4j,5.17170045510964e-05,0.0002380952380952381
c#,3.120782067986237e-05,0.010476190476190476
proxy,5.9368321063880314e-05,0.0002380952380952381
css-selectors,0.0002555583950932788,0.0007142857142857143
sqldatatypes,0.000881057268722467,0.0002380952380952381
text-analytics-api,0.02631578947368421,0.0002380952380952381
wsdl,0.00022256843979523704,0.0004761904761904762
webhooks,0.001707067258449983,0.0011904761904761906
swagger,0.0005134788189987163,0.0009523809523809524
azure-storage,0.0006027727546714888,0.0007142857142857143
square,0.0021008403361344537,0.0002380952380952381
unit-testing,1.4304514504777708e-05,0.0002380952380952381
jquery-ui,2.5526483726866623e-05,0.0002380952380952381
alpha-five,0.25,0.0002380952380952381
responsive-design,0.00013214403700033037,0.0004761904761904762
anypoint-studio,0.0012738853503184713,0.0002380952380952381
webstorm,0.0004452359750667854,0.0004761904761904762
swiftmailer,0.0012484394506866417,0.0004761904761904762
clipboarddata,0.007575757575757576,0.0002380952380952381
oracle,4.0738507666987145e-05,0.0011904761904761906
opengl,2.89569699426652e-05,0.0002380952380952381
mailgun,0.0007183908045977011,0.0002380952380952381
vscode-debugger,0.0015174506828528073,0.0002380952380952381
eai,0.011111111111111112,0.0002380952380952381
visual-studio-2015,5.113258679756609e-05,0.0002380952380952381
sass,0.0001505872904326875,0.0007142857142857143
through2,0.045454545454545456,0.0002380952380952381
xcode11,0.0008169934640522876,0.0002380952380952381
pipeline,0.0003436426116838488,0.0002380952380952381
record,0.0004137360364087712,0.0002380952380952381
dynamics-crm,0.00650310375406444,0.010476190476190476
invocable,0.3333333333333333,0.0002380952380952381
postman-pre-request-script,0.008849557522123894,0.0002380952380952381
signature,0.0006480881399870382,0.0002380952380952381
rest-assured,0.0007199424046076314,0.0002380952380952381
rcurl,0.0014992503748125937,0.0002380952380952381
group-by,0.00015378306335862212,0.0007142857142857143
powerapps-datatable,1.8571428571428572,0.0030952380952380953
passwords,0.00021139414438220062,0.0004761904761904762
upload,0.00015363343063450608,0.0004761904761904762
google-apps,0.003376748673420164,0.0016666666666666668
google-docs-api,0.0008136696501220504,0.0002380952380952381
google-adwords,0.0005614823133071309,0.0002380952380952381
left-join,0.00015405946695424435,0.0002380952380952381
peoplepicker,0.009433962264150943,0.0002380952380952381
dropdownbox,0.004140786749482402,0.0004761904761904762
inner-join,0.00018850141376060322,0.0002380952380952381
datasource,0.0016275284817484307,0.0016666666666666668
api,0.0012233662962585381,0.022857142857142857
webrequest,0.0006858710562414266,0.0002380952380952381
godaddy-api,0.00684931506849315,0.0002380952380952381
exchange-server,0.00024009603841536616,0.0002380952380952381
multiple-conditions,0.0024154589371980675,0.0002380952380952381
auth0,0.0005235602094240838,0.0002380952380952381
ssms,0.00017241379310344826,0.0002380952380952381
moodle,0.0012468827930174563,0.0007142857142857143
python-2.7,3.212885814038169e-05,0.0007142857142857143
restful-authentication,0.0007092198581560284,0.0002380952380952381
date-formatting,0.0007598784194528875,0.0002380952380952381
collections,0.00014257877477306212,0.0007142857142857143
ms-project,0.001402524544179523,0.0002380952380952381
google-app-maker,1.0,0.28214285714285714
forwarding,0.0017513134851138354,0.0002380952380952381
salesforce-marketing-cloud,0.06315789473684211,0.0014285714285714286
javascript,0.00016994054062891874,0.08166666666666667
afnetworking,0.0002679528403001072,0.0002380952380952381
sitecore9,0.01020408163265306,0.0002380952380952381
list,7.850217843545158e-05,0.0019047619047619048
dynamics-crm-online,0.0009000900090009,0.0002380952380952381
puppeteer,0.0002774694783573807,0.0002380952380952381
pentaho-data-integration,0.0017605633802816902,0.0002380952380952381
url,0.0001816860465116279,0.0016666666666666668
gcp,0.00303951367781155,0.0002380952380952381
connection-string,0.00024078979051288225,0.0002380952380952381
inappbrowser,0.0010050251256281408,0.0002380952380952381
extensible,0.02,0.0002380952380952381
types,0.00018581316486273051,0.0009523809523809524
ftp,0.000375629178874615,0.0011904761904761906
time,0.00012280989028983134,0.0007142857142857143
file-upload,0.00024221872350732712,0.0014285714285714286
criteria,0.00038714672861014324,0.0002380952380952381
database-design,9.03342366757001e-05,0.0004761904761904762
asynchronous,2.470111649046537e-05,0.0002380952380952381
iot,0.00033647375504710633,0.0002380952380952381
graphical-logo,0.004291845493562232,0.0002380952380952381
custom-element,0.002857142857142857,0.0004761904761904762
self-hosting,0.001488095238095238,0.0002380952380952381
nat,0.0010309278350515464,0.0002380952380952381
type-constraints,0.003194888178913738,0.0002380952380952381
ampscript,0.014084507042253521,0.0002380952380952381
postman-collection-runner,0.0036231884057971015,0.0002380952380952381
httpwebrequest,0.0003714020427112349,0.0004761904761904762
domain-model,0.002967359050445104,0.0002380952380952381
apache-kafka,5.2175727851403525e-05,0.0002380952380952381
jquery-ui-draggable,0.000574052812858783,0.0002380952380952381
npm,0.00012302771199212623,0.0009523809523809524
match,0.0001475143826523086,0.0002380952380952381
mule-el,0.002631578947368421,0.0002380952380952381
django-allauth,0.0007993605115907274,0.0002380952380952381
salesforce-developer,0.2222222222222222,0.0004761904761904762
icons,0.00012434717731907486,0.0002380952380952381
css,5.859568675647332e-05,0.009285714285714286
templates,4.293227433723301e-05,0.0004761904761904762
xamarin.ios,6.812453164384494e-05,0.0002380952380952381
ios7,0.0001351625329458674,0.0004761904761904762
node-streams,0.004807692307692308,0.0002380952380952381
java-api,0.002347417840375587,0.0002380952380952381
case,0.0006594131223211342,0.0009523809523809524
radar-chart,0.004048582995951417,0.0002380952380952381
react-native,3.9301481665858805e-05,0.0007142857142857143
caldav,0.009615384615384616,0.0007142857142857143
navigation,8.466683600033866e-05,0.0002380952380952381
chat,0.00019561815336463224,0.0002380952380952381
cdata-drivers,0.041666666666666664,0.0002380952380952381
pentaho-cde,0.0033783783783783786,0.0002380952380952381
handsontable,0.0009643201542912247,0.0002380952380952381
exchangewebservices,0.00028129395218002813,0.0002380952380952381
date,9.69227041434456e-05,0.0014285714285714286
firebase-realtime-database,6.39979520655339e-05,0.0004761904761904762
jquery-select2,0.00024067388688327315,0.0002380952380952381
event-handling,0.000189000189000189,0.0004761904761904762
rad,0.0018975332068311196,0.0002380952380952381
mx-record,0.009569377990430622,0.0004761904761904762
webservices-client,0.004166666666666667,0.0002380952380952381
gulp,0.0008284317786430288,0.002380952380952381
crud,0.00030003000300030005,0.0002380952380952381
synchronization,0.00010643959552953698,0.0002380952380952381
nested,7.895775759968417e-05,0.0002380952380952381
android-gradle-plugin,8.565310492505354e-05,0.0002380952380952381
virtual,0.00034831069313827936,0.0002380952380952381
itsm,0.037037037037037035,0.0002380952380952381
formbuilder,0.001349527665317139,0.0002380952380952381
components,0.001644930090471155,0.0033333333333333335
twitter,4.323202628507198e-05,0.0002380952380952381
mqtt,0.0002409058058299205,0.0002380952380952381
mouseover,0.00043975373790677223,0.0002380952380952381
invoice,0.005136986301369863,0.0007142857142857143
embed,0.00024396194193705782,0.0002380952380952381
database-relations,0.0033003300330033004,0.0002380952380952381
mobiscroll,0.00625,0.0002380952380952381
local-storage,0.00013388673182487614,0.0002380952380952381
azure-web-sites,0.0003360215053763441,0.0004761904761904762
winmail.dat,0.041666666666666664,0.0002380952380952381
cordova,0.0001488981536628946,0.002142857142857143
soap,0.0001535862386730149,0.0009523809523809524
perl,3.079291762894534e-05,0.0004761904761904762
csv,5.7235251191208665e-05,0.0009523809523809524
azure-blob-storage,0.0009794319294809011,0.0002380952380952381
dynamic,0.00020745166376234336,0.0011904761904761906
user-input,0.0002426595486532395,0.0002380952380952381
copy-paste,0.0007194244604316547,0.0004761904761904762
calculation,0.0012610340479192938,0.0002380952380952381
wordpress,5.515010018934868e-05,0.002142857142857143
fetch-api,0.0005720823798627002,0.0002380952380952381
binding,0.00019227071716977504,0.0007142857142857143
dynamic-forms,0.007633587786259542,0.0004761904761904762
google-drive-picker,0.11764705882352941,0.0004761904761904762
getjson,0.0005128205128205128,0.0002380952380952381
datatable,0.000318606627017842,0.0014285714285714286
count,6.02663773880552e-05,0.0002380952380952381
global-variables,0.00027277686852154935,0.0004761904761904762
datediff,0.0007604562737642585,0.0002380952380952381
class,4.582601390055755e-05,0.0007142857142857143
android-studio,2.9857430768082407e-05,0.0004761904761904762
urllib,0.00030248033877797946,0.0002380952380952381
external,0.0003168567807351077,0.0002380952380952381
metadata,0.0003853564547206166,0.0004761904761904762
informatica-powercenter,0.0011086474501108647,0.0002380952380952381
pie-chart,0.0008421052631578948,0.0004761904761904762
uber-api,0.001201923076923077,0.0002380952380952381
android-fragments,2.3720290336353717e-05,0.0002380952380952381
salesforce-einstein,0.23809523809523808,0.0011904761904761906
intuit-partner-platform,0.0012077294685990338,0.0002380952380952381
tesseract,0.00029850746268656717,0.0002380952380952381
google-chrome-extension,0.00017187298586344692,0.0009523809523809524
functional-programming,6.346788525006347e-05,0.0002380952380952381
native,0.00025581990278843696,0.0002380952380952381
office365api,0.0017543859649122807,0.0004761904761904762
